DBRep_DrawableShape

CASCADE Topology V1, (c) Matra-Datavision
Locations 41
1
              1               0               0  -42.4845985499 
              0               1               0               0 
              0               0               1               0 
1
              1               0               0               0 
              0               1               0               0 
              0               0               1               0 
1
              1               0               0               0 
              0               1               0               0 
              0               0               1               0 
1
              1               0               0               0 
              0               1               0               0 
              0               0               1               0 
1
              1               0               0           -27.3 
              0               1               0               0 
              0               0               1               0 
1
              1               0               0           -27.3 
              0 0.985615910347692 -0.169000820321947               0 
              0 0.169000820321947 0.985615910347692               0 
1
              1               0               0           -27.3 
              0 0.942877445461093 -0.333139794742033               0 
              0 0.333139794742033 0.942877445461093               0 
1
              1               0               0           -27.3 
              0 0.873014113160988 -0.487694943813993               0 
              0 0.487694943813993 0.873014113160988               0 
1
              1               0               0           -27.3 
              0 0.778035754318091 -0.628219997296074               0 
              0 0.628219997296074 0.778035754318091               0 
1
              1               0               0           -27.3 
              0 0.660674723389899 -0.750672305252885               0 
              0 0.750672305252885 0.660674723389899               0 
1
              1               0               0           -27.3 
              0 0.524307283557203 -0.851529137733329               0 
              0 0.851529137733329 0.524307283557203               0 
1
              1               0               0           -27.3 
              0 0.372856477779873 -0.927889027296684               0 
              0 0.927889027296684 0.372856477779873               0 
1
              1               0               0           -27.3 
              0 0.210679269995923 -0.977555238947644               0 
              0 0.977555238947644 0.210679269995923               0 
1
              1               0               0           -27.3 
              0 0.0424412031960866 -0.999098966204684               0 
              0 0.999098966204684 0.0424412031960866               0 
1
              1               0               0           -27.3 
              0 -0.127017819746983 -0.991900435258864               0 
              0 0.991900435258864 -0.127017819746983               0 
1
              1               0               0           -27.3 
              0 -0.292822771277032 -0.956166734739104               0 
              0 0.956166734739104 -0.292822771277032               0 
1
              1               0               0           -27.3 
              0 -0.45020374481776 -0.892925858149525               0 
              0 0.892925858149525 -0.45020374481776               0 
1
              1               0               0           -27.3 
              0 -0.594633176304073 -0.803997130367099               0 
              0 0.803997130367099 -0.594633176304073               0 
1
              1               0               0           -27.3 
              0 -0.721956093954525 -0.691938868977545               0 
              0 0.691938868977545 -0.721956093954525               0 
1
              1               0               0           -27.3 
              0 -0.828509649243704 -0.5599747861378               0 
              0 0.5599747861378 -0.828509649243704               0 
1
              1               0               0           -27.3 
              0 -0.91122849038811 -0.41190124824405               0 
              0 0.41190124824405 -0.91122849038811               0 
1
              1               0               0           -27.3 
              0 -0.967732946933498 -0.25197806138513               0 
              0 0.25197806138513 -0.967732946933498               0 
1
              1               0               0           -27.3 
              0 -0.996397488542531 -0.0848059244754601               0 
              0 0.0848059244754601 -0.996397488542531               0 
1
              1               0               0           -27.3 
              0 -0.996397488542531 0.0848059244754601               0 
              0 -0.0848059244754601 -0.996397488542531               0 
1
              1               0               0           -27.3 
              0 -0.967732946933498 0.25197806138513               0 
              0 -0.25197806138513 -0.967732946933498               0 
1
              1               0               0           -27.3 
              0 -0.91122849038811 0.41190124824405               0 
              0 -0.41190124824405 -0.91122849038811               0 
1
              1               0               0           -27.3 
              0 -0.828509649243704 0.5599747861378               0 
              0 -0.5599747861378 -0.828509649243704               0 
1
              1               0               0           -27.3 
              0 -0.721956093954525 0.691938868977545               0 
              0 -0.691938868977545 -0.721956093954525               0 
1
              1               0               0           -27.3 
              0 -0.594633176304073 0.803997130367099               0 
              0 -0.803997130367099 -0.594633176304073               0 
1
              1               0               0           -27.3 
              0 -0.45020374481776 0.892925858149525               0 
              0 -0.892925858149525 -0.45020374481776               0 
1
              1               0               0           -27.3 
              0 -0.292822771277032 0.956166734739104               0 
              0 -0.956166734739104 -0.292822771277032               0 
1
              1               0               0           -27.3 
              0 -0.127017819746983 0.991900435258864               0 
              0 -0.991900435258864 -0.127017819746983               0 
1
              1               0               0           -27.3 
              0 0.0424412031960866 0.999098966204684               0 
              0 -0.999098966204684 0.0424412031960866               0 
1
              1               0               0           -27.3 
              0 0.210679269995923 0.977555238947644               0 
              0 -0.977555238947644 0.210679269995923               0 
1
              1               0               0           -27.3 
              0 0.372856477779873 0.927889027296684               0 
              0 -0.927889027296684 0.372856477779873               0 
1
              1               0               0           -27.3 
              0 0.524307283557203 0.851529137733329               0 
              0 -0.851529137733329 0.524307283557203               0 
1
              1               0               0           -27.3 
              0 0.660674723389899 0.750672305252885               0 
              0 -0.750672305252885 0.660674723389899               0 
1
              1               0               0           -27.3 
              0 0.778035754318091 0.628219997296074               0 
              0 -0.628219997296074 0.778035754318091               0 
1
              1               0               0           -27.3 
              0 0.873014113160988 0.487694943813993               0 
              0 -0.487694943813993 0.873014113160988               0 
1
              1               0               0           -27.3 
              0 0.942877445461093 0.333139794742033               0 
              0 -0.333139794742033 0.942877445461093               0 
1
              1               0               0           -27.3 
              0 0.985615910347692 0.169000820321947               0 
              0 -0.169000820321947 0.985615910347692               0 
Curve2ds 1474
1 -2.6415926535897927 0 1 0 
1 6.2831853071795862 0.70710678117976633 0 1 
1 0 0.70710678117976633 0 1 
1 -2.6415926535897927 1.4142135623730969 1 -3.533949646072372e-016 
1 8.9247779607693793 90.249999999500005 -1 0 
1 3.1415926535895062 0.70710678117976633 2.5121479338859364e-014 1 
1 3.1415926535895062 0.70710678117976633 2.5121479338859364e-014 1 
1 -2.6415926535909113 0 1 0 
1 -2.6415926535913905 1.4142135623730949 1 0 
1 8.9247779607709763 90.249999999500005 -1 0 
1 0 75.183012701500004 0 1 
1 6.2831853071795862 75.183012701500004 0 1 
1 -0.4999999999984025 78.649999999500011 1 0 
1 -0.49999999999840217 1.1292893215647672 1 0 
1 3.1415926535881953 75.183012701500004 0 1 
1 3.1415926535881953 75.183012701500004 0 1 
1 -0.50000000000000044 78.649999999500011 1 0 
1 -0.50000000000000044 1.1292893215647657 1 4.2407395752825323e-016 
1 0 0.56464466044387118 0 1 
1 6.2831853071795862 0.56464466044387118 0 1 
1 -0.49999999999923261 -1.9991038072831663e-016 1 3.9982076145724679e-016 
1 -0.49999999999923272 2.3561944898387885 1 -4.2407395752857258e-016 
1 3.1415926535888978 0.56464466044387118 3.3032716164221399e-014 1 
1 3.1415926535888987 0.56464466044387118 3.2246222922216125e-014 1 
1 -0.50000000000000044 2.7120583146208258e-015 1 -3.9982076145705145e-016 
1 -0.50000000000000044 2.3561944898387859 1 4.2407395752836525e-016 
1 3.141592653588051 -2.4876545268170958e-011 -6.1066649856598248e-014 1 
1 3.141592653588051 -2.4876545268170958e-011 -6.1066649856598248e-014 1 
1 -0.49999999999947853 3.1415926535897869 1 1.2722218725856181e-015 
1 -0.49999999999947864 77.0029437245 1 0 
1 0 -2.4876545268170958e-011 0 1 
1 6.2831853071795862 -2.4876545268170958e-011 0 1 
1 -0.50000000000000044 3.1415926535897936 1 -5.6543194337119791e-016 
1 -0.50000000000000044 77.0029437245 1 0 
1 0 76.725950802499995 0 1 
1 6.2831853071795862 76.725950802499995 0 1 
1 -0.49999999999947864 76.448957880499989 1 0 
1 -0.49999999999947853 3.1415926535897869 1 1.2722218725856181e-015 
1 3.1415926535892709 76.725950802499995 0 1 
1 3.1415926535892713 76.725950802499995 0 1 
1 -0.50000000000000044 76.448957880499989 1 0 
1 -0.50000000000000044 3.1415926535897936 1 -5.6543194337119791e-016 
1 3.1415926535875545 -2.2204460492503131e-015 9.7000908649670025e-014 1 
1 3.1415926535875545 -2.2204460492503131e-015 9.7000908649670025e-014 1 
1 -0.4999999999984025 4.6707102479680769 1 0 
1 -0.49999999999840217 75.249999999500005 1 0 
1 0 -1.3322676295501878e-015 0 1 
1 6.2831853071795862 -1.3322676295501878e-015 0 1 
1 -0.50000000000000044 4.6707102479680751 1 5.6543194337100425e-016 
1 -0.50000000000000044 75.249999999500005 1 0 
1 0 75.18301270149999 0 1 
1 6.2831853071795862 75.18301270149999 0 1 
1 -0.49999999999840217 60.116025403499997 1 0 
1 -0.4999999999984025 3.1415926535897927 1 -5.6543194337157942e-016 
1 3.1415926535881944 75.18301270149999 0 1 
1 3.1415926535881953 75.18301270149999 0 1 
1 -0.50000000000000044 60.116025403499997 1 0 
1 -0.5 3.1415926535897913 1 -2.8271597168550212e-016 
1 3.1415926535915797 -3.1086244689504383e-015 -5.0040726983140663e-014 1 
1 3.1415926535915797 -3.1086244689504383e-015 -5.0040726983140663e-014 1 
1 -0.50000000000029887 4.1887902048941701 1 0 
1 -0.50000000000029887 59.249999999499998 1 0 
1 0 0 0 1 
1 6.2831853071795862 0 0 1 
1 -0.50000000000000089 4.1887902048941701 1 0 
1 -0.50000000000000089 59.249999999499998 1 0 
1 0 58.821058083499999 0 1 
1 6.2831853071795862 58.821058083499999 0 1 
1 -0.50000000000029887 58.392116167499999 1 0 
1 -0.50000000000029887 3.1415926535897931 1 -4.2407395752842866e-016 
1 3.1415926535900911 58.821058083499999 0 1 
1 3.1415926535900911 58.821058083499999 0 1 
1 -0.50000000000000089 58.392116167499999 1 0 
1 -0.50000000000000089 3.1415926535897905 1 4.2407395752850912e-016 
1 3.1415926535889356 -4.4408920985006262e-016 3.6470360347740767e-014 1 
1 3.1415926535889356 -4.4408920985006262e-016 3.6470360347740767e-014 1 
1 -0.5000000000005127 3.6651914291803109 1 0 
1 6.7831853071800987 -8.8817841969966552e-016 -1 0 
1 0 -3.5527136788005009e-015 0 1 
1 6.2831853071795862 -3.5527136788005009e-015 0 1 
1 -0.50000000000000089 3.6651914291803105 1 1.41357985842846e-016 
1 6.7831853071795871 -1.9177148252423934e-015 -1 2.8271597168554566e-016 
1 6.2831853071795862 0.94807621157146882 0 1 
1 0 0.94807621157146882 0 1 
1 -2.6415926535897927 1.8961524231531603 1 -5.6543194337154146e-016 
1 8.9247779607693793 55.249999999499998 -1 0 
1 3.1415926535885252 0.94807621157146882 3.8643897362972559e-014 1 
1 3.1415926535885252 0.94807621157146882 3.8643897362972559e-014 1 
1 -2.6415926535911796 1.896152423153157 1 0 
1 8.9247779607707649 55.249999999499998 -1 0 
1 0 27.906124949500004 0 1 
1 6.2831853071795862 27.906124949500004 0 1 
1 -0.49999999999861372 0.56224989940000114 1 0 
1 -0.49999999999861372 3.1415926535897807 1 2.8271597168577075e-015 
1 3.1415926535884062 27.906124949500004 0 1 
1 3.1415926535884062 27.906124949500004 0 1 
1 -0.50000000000000044 0.56224989940000114 1 0 
1 -0.5 3.141592653589794 1 -8.4814791505656337e-016 
1 3.1415926535913234 -2.6645352591003757e-015 -1.3984400099396145e-014 1 
1 3.1415926535913234 -2.6645352591003757e-015 -1.3984400099396145e-014 1 
1 -0.5000000000012883 3.4591530828623926 1 0 
1 -0.5000000000012883 0.24999999949999818 1 0 
1 0 0 0 1 
1 6.2831853071795862 0 0 1 
1 -0.50000000000000089 3.4591530828623926 1 0 
1 -0.50000000000000089 0.24999999949999818 1 0 
1 0 -4.2303847582000031 0 1 
1 6.2831853071795862 -4.2303847582000031 0 1 
1 -0.5000000000012883 -8.7107695159999992 1 0 
1 6.7831853071808741 0 -1 0 
1 3.1415926535910805 -4.2303847582000031 0 1 
1 3.1415926535910805 -4.2303847582000031 0 1 
1 -0.50000000000000089 -8.7107695159999992 1 0 
1 6.7831853071795871 0 -1 0 
1 6.2831853071795862 0.59999999993193276 0 1 
1 0 0.59999999993193276 0 1 
1 -2.6415926535897927 1.1999999999642132 1 0 
1 8.9247779607693793 -9.7500000005000018 -1 0 
1 3.1415926535895089 0.59999999993193276 8.141635513968907e-015 1 
1 3.1415926535895089 0.59999999993193276 8.141635513968907e-015 1 
1 -2.6415926535904775 1.1999999999642132 1 0 
1 8.9247779607700632 -9.7500000005000018 -1 0 
1 0 -26.900000000500004 0 1 
1 6.2831853071795862 -26.900000000500004 0 1 
1 -0.4999999999993156 -44.050000000499999 1 0 
1 -0.4999999999993156 3.1415926535897927 1 -2.8271597168570757e-016 
1 3.1415926535891083 -26.900000000500004 0 1 
1 3.1415926535891083 -26.900000000500004 0 1 
1 -0.50000000000000044 -44.050000000499999 1 0 
1 -0.5 3.1415926535897953 1 -9.8950590089954512e-016 
1 3.1415926535914167 -1.7763568394002505e-015 -5.8804922111961384e-014 1 
1 3.1415926535914167 -1.7763568394002505e-015 -5.8804922111961384e-014 1 
1 -0.50000000000134692 4.7123889803846897 1 0 
1 0 0 0 1 
1 6.2831853071795862 0 0 1 
1 -0.50000000000000089 4.7123889803846897 1 0 
1 -0.50000000000044087 -45.250000000500002 1 0 
1 0 -49.439287327860001 0 1 
1 6.2831853071795862 -49.439287327860001 0 1 
1 -0.50000000000044087 -53.62857465522 1 0 
1 -0.50000000000044087 3.1415926535897931 1 -2.8271597168560635e-016 
1 3.1415926535902332 -49.439287327860001 0 1 
1 3.1415926535902332 -49.439287327860001 0 1 
1 -0.50000000000000089 -45.250000000500002 1 0 
1 -0.50000000000000089 -53.62857465522 1 0 
1 -0.50000000000000089 3.1415926535897913 1 2.8271597168568553e-016 
1 3.1415926535883485 -4.4408920985006262e-016 1.4517378423352073e-013 1 
1 3.1415926535883485 -4.4408920985006262e-016 1.4517378423352073e-013 1 
1 -0.50000000000008615 4.5640359939722597 1 0 
1 6.7831853071796724 0 -1 0 
1 0 -4.4408920985006262e-016 0 1 
1 6.2831853071795862 -4.4408920985006262e-016 0 1 
1 -0.50000000000000089 4.5640359939722597 1 0 
1 6.7831853071795871 0 -1 0 
1 6.2831853071795862 12.833976452091191 0 1 
1 0 12.833976452091191 0 1 
1 -2.6415926535897931 25.667952904223487 1 0 
1 8.9247779607693793 4.5640359939621922 -1 0 
1 3.1415926535912231 12.833976452091191 -3.1886314300350691e-014 1 
1 3.1415926535912231 12.833976452091191 -3.1886314300350691e-014 1 
1 -2.6415926535901071 25.667952904223473 1 2.2617277734849419e-015 
1 8.9247779607696938 4.5640359939621904 -1 2.8271597168561774e-016 
1 3.1415926535902483 2.5544011350575602e-012 -4.155924783744407e-014 1 
1 3.1415926535902483 2.5544011350575602e-012 -4.155924783744407e-014 1 
1 -0.50000000000003797 5.0876347695630963 1 0 
1 -0.50000000000003797 0 1 0 
1 0 2.5544011350575602e-012 0 1 
1 6.2831853071795862 2.5544011350575602e-012 0 1 
1 -0.50000000000000089 5.0876347695630963 1 0 
1 -0.50000000000000089 0 1 0 
1 3.1415926535898797 0.78275060222396664 8.7938389747173467e-015 1 
1 3.1415926535898797 0.78275060222396664 8.7938389747173467e-015 1 
1 -0.50000000000013511 1.5655012044085104 1 0 
1 0 0.78275060222396664 0 1 
1 6.2831853071795862 0.78275060222396664 0 1 
1 -0.50000000000000089 1.5655012044085104 1 0 
1 -0.50000000000012179 1.570796326794901 1 -9.0469110939403215e-015 
1 0 0 0 1 
1 6.2831853071795862 0 0 1 
1 -0.49999999999972594 0 1 0 
1 -0.49999999999972555 -63.250000000500002 1 0 
1 3.1415926535899135 0 2.8271597166709233e-016 1 
1 3.1415926535899135 0 2.8271597166709233e-016 1 
1 -0.50000000000000089 1.5707963267948353 1 9.0469110939410173e-015 
1 -0.50000000000000044 0 1 0 
1 -0.50000000000000044 -63.250000000500002 1 0 
1 0 -68.000000000499995 0 1 
1 6.2831853071795862 -68.000000000499995 0 1 
1 -0.49999999999972555 -72.750000000499995 1 0 
1 -0.49999999999972555 2.4142135623921175 1 0 
1 3.1415926535895196 -68.000000000499995 0 1 
1 3.1415926535895187 -68.000000000499995 0 1 
1 -0.50000000000000044 -72.750000000499995 1 0 
1 -0.50000000000000044 2.4142135623921175 1 0 
1 0 1.2071067812187395 0 1 
1 6.2831853071795862 1.2071067812187395 0 1 
1 -0.50000000000035438 -1.1647874781401207e-014 1 3.1985660916568333e-015 
1 -0.50000000000035461 2.3561944901923542 1 -3.2512336743845626e-015 
1 3.1415926535894894 1.2071067812187395 7.3579109448482006e-016 1 
1 3.1415926535894885 1.2071067812187395 9.1973886810602507e-016 1 
1 -0.50000000000000089 1.1647874781402696e-014 1 -3.1985660916575531e-015 
1 -0.50000000000000089 2.3561944901923302 1 3.2512336743852942e-015 
1 3.1415926535896341 7.6907369361833844e-012 -1.1308638867620811e-015 1 
1 3.1415926535896341 7.6907369361833844e-012 -1.1308638867620811e-015 1 
1 -0.49999999999995803 3.1415926535897691 1 4.8061715186560456e-015 
1 -0.49999999999995826 -75.164213562900002 1 0 
1 0 7.6907369361833844e-012 0 1 
1 6.2831853071795862 7.6907369361833844e-012 0 1 
1 -0.50000000000000044 3.1415926535898038 1 -4.8061715186559162e-015 
1 -0.50000000000000044 -75.164213562900002 1 0 
1 0 -77.707106781699991 0 1 
1 6.2831853071795862 -77.707106781699991 0 1 
1 -0.49999999999995826 -80.250000000499995 1 0 
1 -0.49999999999995826 0.70710678118654902 1 -3.1805546814635598e-015 
1 3.1415926535897505 -77.707106781699991 0 1 
1 3.1415926535897505 -77.707106781699991 0 1 
1 -0.50000000000000044 -80.250000000499995 1 0 
1 -0.50000000000000044 0.70710678118652592 1 3.1805546814634742e-015 
1 0 0.35355339058133728 0 1 
1 6.2831853071795862 0.35355339058133728 0 1 
1 -0.4999999999996696 0 1 0 
1 3.1415926535905907 0.35355339058133728 -1.004859173598478e-014 1 
1 3.1415926535905907 0.35355339058133728 -1.0676628719483829e-014 1 
1 -0.50000000000000044 0 1 0 
1 3.1415926535897065 0.78275060222396275 -8.7938389747173467e-015 1 
1 3.1415926535897061 0.78275060222396275 -7.9428222997446997e-015 1 
1 -2.6415926535897927 1.2169853255860793e-014 1 -2.1043512544466631e-015 
1 8.9247779607693793 1.1955505376164879 -1 2.8271597168564254e-016 
1 6.2831853071795862 0.78275060222396275 0 1 
1 0 0.78275060222396275 0 1 
1 -2.6415926535897927 1.565501204408509 1 0 
1 -2.6415926535897549 0 1 0 
1 8.9247779607693403 1.1955505376164894 -1 0 
1 -2.6415926535896581 1.565501204408509 1 0 
1 3.1415926535899872 -2.4034108037085389e-012 4.1559247837444108e-014 1 
1 3.1415926535899872 -2.4034108037085389e-012 4.1559247837444108e-014 1 
1 -0.49999999999968614 1.7191493132173947 1 0 
1 -0.49999999999968647 24.431074737742172 1 0 
1 0 -2.4034108037085389e-012 0 1 
1 6.2831853071795862 -2.4034108037085389e-012 0 1 
1 -0.5 1.7191493132173947 1 0 
1 -0.50000000000000044 24.431074737742172 1 0 
1 0 12.215537368866432 0 1 
1 6.2831853071795862 12.215537368866432 0 1 
1 -0.49999999999974332 0 1 0 
1 3.1415926535882726 12.215537368866432 3.3664225805410906e-014 1 
1 3.141592653588273 12.215537368866432 3.3627871349897503e-014 1 
1 -0.50000000000000044 0 1 0 
1 3.1415926535902905 0.57735026919114818 -2.6921477609301032e-014 1 
1 3.1415926535902905 0.57735026919114818 -2.6921477609301032e-014 1 
1 -2.6415926535897927 0 1 0 
1 8.9247779607693793 -90.250000000499995 -1 0 
1 6.2831853071795862 0.57735026919114818 0 1 
1 0 0.57735026919114818 0 1 
1 -2.6415926535897927 1.1547005383794382 1 0 
1 -2.6415926535894023 0 1 0 
1 8.9247779607689885 -90.250000000499995 -1 0 
1 -2.6415926535897061 1.1547005383794382 1 0 
1 3.141592653590183 -88.750000000499995 0 1 
1 3.141592653590183 -88.750000000499995 0 1 
1 -0.50000000000039069 -87.250000000499995 1 0 
1 -0.50000000000039069 0 1 0 
1 0 -88.750000000499995 0 1 
1 6.2831853071795862 -88.750000000499995 0 1 
1 -0.50000000000000089 -87.250000000499995 1 0 
1 -0.50000000000000089 0 1 0 
1 3.1415926535897931 0 0 1 
1 3.1415926535897931 0 0 1 
1 -0.50000000000000056 1.5707963267948966 1 0 
1 0 0 0 1 
1 6.2831853071795862 0 0 1 
1 -0.5 1.5707963267948966 1 0 
1 -0.50000000000000044 2 1 0 
1 -0.49999999999988365 2 1 0 
1 -0.50000000000000044 1.5707963267948966 1 0 
1 -0.49999999999968026 1.5707963267948966 1 0 
1 -0.49999999999988365 5 1 0 
1 0 3.5 0 1 
1 6.2831853071795862 3.5 0 1 
1 3.1415926535896759 3.5 0 1 
1 3.1415926535896763 3.5 0 1 
1 -0.50000000000000044 5 1 0 
1 3.141592653589945 1.6478374220696423e-011 -2.8271597168861175e-015 1 
1 3.141592653589945 1.6478374220696423e-011 -2.8271597168861175e-015 1 
1 -0.50000000000039069 6.2831853071795862 1 0 
1 -0.50000000000039069 -2.6999999999999886 1 0 
1 0 1.6478374220696423e-011 0 1 
1 6.2831853071795862 1.6478374220696423e-011 0 1 
1 -0.50000000000013933 4.7123889803846897 1 0 
1 -0.50000000000000089 6.2831853071795862 1 0 
1 -0.50000000000000089 -2.6999999999999886 1 0 
1 -0.50000000000000089 4.7123889803846897 1 0 
1 3.141592653590183 0.65000000000000568 0 1 
1 3.141592653590183 0.65000000000000568 0 1 
1 -0.50000000000039069 4 1 0 
1 -0.50000000000039069 0 1 0 
1 0 0.65000000000000568 0 1 
1 6.2831853071795862 0.65000000000000568 0 1 
1 -0.50000000000000089 4 1 0 
1 -0.50000000000000089 0 1 0 
1 3.1415926535892957 0.57735026919114818 2.6921477609301174e-014 1 
1 3.1415926535892957 0.57735026919114818 2.6921477609301174e-014 1 
1 -0.50000000000008726 1.1547005383794382 1 0 
1 0 0.57735026919114818 0 1 
1 6.2831853071795862 0.57735026919114818 0 1 
1 -0.50000000000000089 1.1547005383794382 1 0 
1 3.1415926535896799 -2.5504043321689096e-012 -1.3164445103747841e-013 1 
1 3.1415926535896812 -2.5504043321689096e-012 -1.3249377007642988e-013 1 
1 6.2831853071795862 -2.5504043321689096e-012 0 1 
1 0 -2.5504043321689096e-012 0 1 
7 0 0  1 2 2  3.1415926535909606 2.616549899909729  6.2831853071795862 2.616549899909729 
 0 2 88.160541205000001 2
7 0 0  1 2 2  0 2.616549899909729  3.1415926535909602 2.616549899909729 
 0 2 88.160541201399994 2
1 -5.8958687062765307 -2 1 0 
1 7.8539816339744828 2 -1 0 
1 -5.2359877559852084 -2 1 0 
1 -4.8486711550833306 -2 1 0 
1 7.8539816339744828 2 -1 0 
1 7.8539816339744828 2 -1 0 
1 -4.1887902047941719 -2 1 0 
1 -3.8014736039439034 -2 1 0 
1 7.8539816339744828 2 -1 0 
1 -3.1415926535897931 -2 1 0 
1 -2.7542760526867376 -2 1 0 
1 7.8539816339744828 2 -1 0 
1 -2.0943951023954148 -2 1 0 
1 -1.7070785014935375 -2 1 0 
1 7.8539816339744837 2 -1 0 
1 1.5707963267948966 2 -1 0 
1 -1.0471975512043783 -2 1 0 
1 -0.6598809503541101 -2 1 0 
1 1.5707963267948968 2 -1 0 
1 0 -2 1 0 
1 0 0 0 1 
1 0.38731660084226915 0 0 1 
1 2.2306772771045491 0 0 -1 
1 -5.2359877559852084 1 1 0 
1 5.6233043568713734 3.1415926535897931 -1 0 
1 3.1415926535897931 0 0 1 
1 3.1415926535897931 0 0 1 
1 3.0053104788806211 0 0 1 
1 0 0 0 -1 
1 -1.5707963267948966 -1 1 0 
1 1.5707963267948957 3.1415926535897682 1 3.2586008463524448e-015 
1 1.5707963267948966 -1.7501449074319346 0 1 
1 0.38731660088040343 -0.5 0 1 
1 -4.8486711550833306 1 1 0 
1 5.2359877559832073 3.1415926535897931 -1 0 
1 3.2778748282989651 0 0 1 
1 0.38731660089987707 0 0 -1 
1 -1.5707963267948966 -1 1 0 
1 1.5707963267948966 3.1415926535894614 1 6.8430617773402047e-014 
1 0 0 0 1 
1 -4.1887902047941719 1 1 0 
1 4.5761068056745744 3.1415926535898029 -1 -2.2931586657561865e-015 
1 1.5707963267948966 1.750144907397293 0 1 
1 0.38731660088616465 -0.5 0 1 
1 0 0 0 1 
1 4.0525080300750371 0 0 -1 
1 -3.8014736039439034 1 1 0 
1 4.1887902047861738 3.1415926535897931 -1 0 
1 4.3250723794952206 0 0 1 
1 0.38731660090306119 0 0 -1 
1 -1.5707963267948966 -1 1 0 
1 -5.6233043568699337 3.1415926535896768 1 1.9551605078085495e-014 
1 0 0 0 1 
1 -3.1415926535897931 1 1 0 
1 3.5289092544783993 3.1415926535897967 -1 -1.1465793328538082e-015 
1 1.5707963267948966 -2.616840077962479e-011 0 1 
1 0.38731660088860576 -0.5 0 1 
1 0 0 0 1 
1 5.0997055812741579 0 0 -1 
1 -2.7542760526867376 1 1 0 
1 3.1415926535897905 3.1415926535897962 -1 -1.1465793328110405e-015 
1 5.3722699306943422 0 0 1 
1 0.38731660084226915 0 0 -1 
1 4.7123889803846888 -1 1 0 
1 -0.38731660088946879 3.1415926535897936 1 -1.629300423160079e-015 
1 0 0 0 1 
1 -2.0943951023954148 1 1 0 
1 2.4817117032815794 3.1415926535897931 -1 0 
1 6.2831853071795862 0 0 1 
1 0 0 0 1 
1 6.1469031324704142 0 0 1 
1 0 0 0 -1 
1 4.7123889803846897 -1 1 0 
1 -1.5707963267948963 3.1415926535897922 1 0 
1 1.5707963267948966 -1.7501449074319346 0 1 
1 0.38731660088040343 -0.5 0 1 
1 -1.7070785014935375 1 1 0 
1 2.0943951023934138 3.1415926535897931 -1 0 
1 0.13628217470917223 0 0 1 
1 0.38731660089987707 0 0 -1 
1 -1.5707963267948966 -1 1 0 
1 -1.5707963267948966 3.1415926535897869 1 3.2586008463524634e-015 
1 0 0 0 1 
1 -1.0471975512043783 1 1 0 
1 1.4345141520847813 3.1415926535897944 -1 -1.1465793328780921e-015 
1 1.5707963267948966 1.7501449074665745 0 1 
1 0.38731660088616465 -0.5 0 1 
1 0 0 0 1 
1 0.91091537648524412 0 0 -1 
1 -0.6598809503541101 1 1 0 
1 1.0471975511963805 3.1415926535897931 -1 0 
1 1.1834797259054279 0 0 1 
1 0.38731660090305464 0 0 -1 
1 -1.5707963267948966 -1 1 0 
1 -2.4817117032801406 3.1415926535897931 1 0 
1 0 0 0 1 
1 0 1 1 0 
1 0.38731660088860603 3.1415926535897931 -1 -1.1465793328538082e-015 
1 -3.5289092544771044 4.7123889803839401 1 1.9551605078034939e-014 
1 -3.1415926535897931 4.7123889803846826 1 2.2931586657613003e-015 
1 0 2.6211033343770396e-011 0 1 
1 -2.7542760527102521 4.7123889803846835 1 2.2931586657076167e-015 
1 -2.4817117032817371 4.7123889803846986 1 -6.5172016926437427e-015 
1 -2.0943951023879146 4.7123889803846994 1 -4.5863173315541976e-015 
1 0 1.7501449074585747 0 1 
1 -1.7070785015052838 4.7123889803846879 1 0 
1 -1.5707963267948968 4.7123889803846932 1 0 
1 -1.570796326794897 4.7123889803846826 1 6.5172016926649212e-015 
1 -1.0471975512043783 4.7123889803846852 1 2.2931586657104286e-015 
1 0 -1.7501449074239348 0 1 
1 -0.65988095031950833 4.7123889803846861 1 2.293158665677668e-015 
1 -0.38731660088731135 4.712388980384687 1 6.5172016926784849e-015 
1 0 4.7123889803846897 1 0 
1 0 -2.6166624422785389e-011 0 1 
1 -5.8958687063000452 4.7123889803846764 1 2.2931586657076191e-015 
1 -5.6233043568715297 4.7123889803838326 1 3.2586008463217944e-015 
1 -5.2359877559777077 4.7123889803846772 1 2.2931586657771051e-015 
1 0 1.7501449073892932 0 1 
1 -4.8486711550950767 4.7123889803846764 1 2.2931586657561897e-015 
1 1.5707963267948957 4.7123889803846337 1 1.303440338532997e-014 
1 1.5707963267948966 4.7123889803846337 1 1.3034403385329842e-014 
1 -4.1887902047941719 4.7123889803846781 1 2.2931586657104286e-015 
1 0 -1.7501449074239348 0 1 
1 -3.8014736039093013 4.712388980384679 1 2.293158665677668e-015 
1 1.9581129276843654 0 0 1 
1 0 0 0 -1 
1 -1.5707963267948966 -1 1 0 
1 -3.5289092544792617 3.1415926535897989 1 -1.6293004231600338e-015 
1 1.5707963267948966 2.6211033343770396e-011 0 1 
1 0.38731660088860576 -0.5 0 1 
1 -5.8958687062765307 1 1 0 
1 6.2831853071795845 3.1415926535897998 -1 -1.1465793328110383e-015 
1 0.27256434941944668 3.1415926535897922 6.714504327567626e-015 1 
1 0 3.1415926535897931 0 1 
1 0 3.1415926535897918 0 1 
1 0.38731660087047465 3.1415926535897931 5.7706217164013825e-012 1 
1 0 3.1415926535897927 0 1 
1 1.5707963267948966 5.0990195136162111 -1 5.6543194337129189e-016 
1 -1.5707963267948966 -5.0990195135637881 1 0 
1 0.38731660088860592 6.2831853071795871 3.5339496460705724e-017 -1 
1 0 3.1415926535897931 0 1 
1 0.27256434942099261 3.1415926535897931 -5.6790570810781193e-014 1 
1 0 3.1415926535897931 0 1 
1 0.38731660086557729 3.1415926535897931 7.1892551231530329e-012 1 
1 0 -4.4408920985006262e-016 0 1 
1 4.7123889803846897 6.8491644210844065 -1 0 
1 -4.7123889803846897 -3.3488746061326164 1 0 
1 0.38731660090440112 9.424777960796332 -5.0926688163755391e-012 -1 
1 0 0 0 1 
1 0.13628217470998621 0 4.7178227775196463e-015 1 
1 0.38731660088731562 0 1.7302217467203578e-013 1 
1 -0.13628217470998472 -1.7763568394002505e-015 -5.0888874903582669e-015 1 
1 0 0 0 1 
1 4.7123889803846897 3.3488746061672572 -1 0 
1 -4.7123889803846897 -6.8491644210497657 1 0 
1 0.38731660087716613 9.4247779607876723 3.5011192538178076e-012 -1 
1 0 3.1415926535897931 0 1 
1 0.27256434941943908 3.1415926535897931 7.0325597957125481e-015 1 
1 0 3.1415926535897931 0 1 
1 0.38731660087047382 3.1415926535897931 5.7706217164013857e-012 1 
1 0 3.1415926535897927 0 1 
1 1.5707963267948966 5.0990195135637864 -1 1.1308638867425838e-015 
1 -1.5707963267948966 -5.099019513616212 1 0 
1 0.38731660088860592 6.2831853071795871 3.5339496460705724e-017 -1 
1 0 3.1415926535897931 0 1 
1 0.27256434942099994 3.1415926535897922 -5.7073286782489249e-014 1 
1 0 3.1415926535897931 0 1 
1 0.38731660086557729 3.1415926535897931 7.1892551231530329e-012 1 
1 0 -4.4408920985006262e-016 0 1 
1 4.7123889803846897 6.849164421015125 -1 0 
1 -4.7123889803846897 -3.3488746062018979 1 0 
1 0.38731660090440112 9.424777960796332 -5.0926688163755391e-012 -1 
1 0 0 0 1 
1 6.4194674818895718 0 4.7001530292892299e-015 1 
1 0.38731660088731562 0 1.7302217467203578e-013 1 
1 6.1469031324695989 -7.1054273576010019e-015 -4.5234555469851081e-015 1 
1 0 0 0 1 
1 4.7123889803846897 3.3488746061672572 -1 0 
1 -4.7123889803846897 -6.8491644210497657 1 0 
1 0.38731660087716613 9.4247779607876723 3.5011192538178076e-012 -1 
1 7.3274565580827897e-012 9.7821752591753437e-016 1 -1.5078785217191557e-011 
7 0 0  3 25 23  3.1415926535971206 -4.7370422645861451e-011  3.1415926535983769 0.17418020052280153  3.1415926535978276 0.52254060163221439  3.141592653592761 1.0450812032450298  3.1415926535924261 1.5676218048715986  3.1415926535916889 2.090162406494485  3.1415926535913989 2.6127030081183489  3.1415926535911542 3.1352436097419578  3.1415926535909922 3.6577842113656347  3.1415926535908656 4.1803248129892978  3.1415926535907683 4.7028654146129512  3.1415926535906902 5.2254060162366187  3.1415926535906258 5.74794661786028  3.1415926535905716 6.2704872194839441  3.1415926535905259 6.7930278211075983  3.1415926535904872 7.3155684227312667  3.1415926535904535 7.8381090243549272  3.1415926535904233 8.3606496259785903  3.1415926535903975 8.883190227602249  3.141592653590374 9.4057308292259094  3.1415926535903527 9.9282714308495716  3.1415926535903349 10.450812032473241  3.141592653590318 10.973352634096894  3.1415926535903078 11.321713035179336  3.1415926535903025 11.49589323572056 
 -5.7479466178584122 4 -5.22540601623475 1 -4.7028654146110886 1 -4.1803248129874273 1 -3.6577842113637651 1 -3.1352436097401033 1 -2.6127030081164415 1 -2.0901624064927797 1 -1.567621804869118 1 -1.0450812032454557 1 -0.52254060162179439 1 1.8669510382096632e-012 1 0.52254060162552918 1 1.0450812032491914 1 1.5676218048728527 1 2.0901624064965141 1 2.6127030081201763 1 3.1352436097438385 1 3.6577842113675008 1 4.1803248129911612 1 4.7028654146148234 1 5.2254060162384857 1 5.7479466178621479 4
7 0 0  3 25 23  3.1415926535971206 -4.7370422645861451e-011  3.1415926535983769 0.17418020052280153  3.1415926535978276 0.52254060163221439  3.141592653592761 1.0450812032450298  3.1415926535924261 1.5676218048715986  3.1415926535916889 2.090162406494485  3.1415926535913989 2.6127030081183489  3.1415926535911542 3.1352436097419578  3.1415926535909922 3.6577842113656347  3.1415926535908656 4.1803248129892978  3.1415926535907683 4.7028654146129512  3.1415926535906902 5.2254060162366187  3.1415926535906258 5.74794661786028  3.1415926535905716 6.2704872194839441  3.1415926535905259 6.7930278211075983  3.1415926535904872 7.3155684227312667  3.1415926535904535 7.8381090243549272  3.1415926535904233 8.3606496259785903  3.1415926535903975 8.883190227602249  3.141592653590374 9.4057308292259094  3.1415926535903527 9.9282714308495716  3.1415926535903349 10.450812032473241  3.141592653590318 10.973352634096894  3.1415926535903078 11.321713035179336  3.1415926535903025 11.49589323572056 
 -5.7479466178584122 4 -5.22540601623475 1 -4.7028654146110886 1 -4.1803248129874273 1 -3.6577842113637651 1 -3.1352436097401033 1 -2.6127030081164415 1 -2.0901624064927797 1 -1.567621804869118 1 -1.0450812032454557 1 -0.52254060162179439 1 1.8669510382096632e-012 1 0.52254060162552918 1 1.0450812032491914 1 1.5676218048728527 1 2.0901624064965141 1 2.6127030081201763 1 3.1352436097438385 1 3.6577842113675008 1 4.1803248129911612 1 4.7028654146148234 1 5.2254060162384857 1 5.7479466178621479 4
1 -0.49999999999957856 11.495893235721146 1 -5.6543194337136781e-016 
1 -0.49999999999957856 5.0614548310595602 1 -1.9790118017997872e-015 
7 0 0  3 25 23  7.3274565580827897e-012 9.7821752591753437e-016  8.5838634100123558e-012 0.17418020054122371  8.0345747106329702e-012 0.52254060162366467  2.967932746262816e-012 1.0450812032473207  2.6327835881910768e-012 1.5676218048709847  1.8962169628695426e-012 2.0901624064946498  1.6055604347045661e-012 2.612703008118304  1.3617811825379268e-012 3.1352436097419698  1.1991328279148728e-012 3.6577842113656311  1.0728165441313223e-012 4.1803248129892987  9.7521331805513753e-013 4.7028654146129512  8.9654061604978056e-013 5.2254060162366187  8.3251313807186266e-013 5.74794661786028  7.7856477803686659e-013 6.2704872194839441  7.3308660595964539e-013 6.7930278211075983  6.9411199703098968e-013 7.3155684227312667  6.6030278770380108e-013 7.8381090243549272  6.303247625975435e-013 8.3606496259785903  6.0504113194859842e-013 8.883190227602249  5.7948495520389148e-013 9.4057308292259094  5.668277965001793e-013 9.9282714308495716  5.170301694887908e-013 10.450812032473241  6.1657893104536971e-013 10.973352634096894  3.162336009695914e-013 11.321713035179336  0 11.495893235720558 
 -5.7479466178584122 4 -5.22540601623475 1 -4.7028654146110886 1 -4.1803248129874273 1 -3.6577842113637651 1 -3.1352436097401033 1 -2.6127030081164415 1 -2.0901624064927797 1 -1.567621804869118 1 -1.0450812032454557 1 -0.52254060162179439 1 1.8669510382096632e-012 1 0.52254060162552918 1 1.0450812032491914 1 1.5676218048728527 1 2.0901624064965141 1 2.6127030081201763 1 3.1352436097438385 1 3.6577842113675008 1 4.1803248129911612 1 4.7028654146148234 1 5.2254060162384857 1 5.7479466178621479 4
7 0 0  3 25 23  6.2831853071869137 9.7821752591753437e-016  6.2831853071881705 0.17418020054122371  6.2831853071876207 0.52254060162366467  6.2831853071825545 1.0450812032473207  6.2831853071822188 1.5676218048709847  6.2831853071814825 2.0901624064946498  6.2831853071811921 2.612703008118304  6.2831853071809478 3.1352436097419698  6.2831853071807853 3.6577842113656311  6.2831853071806592 4.1803248129892987  6.2831853071805615 4.7028654146129512  6.2831853071804824 5.2254060162366187  6.2831853071804185 5.74794661786028  6.2831853071803652 6.2704872194839441  6.283185307180319 6.7930278211075983  6.2831853071802808 7.3155684227312667  6.2831853071802461 7.8381090243549272  6.2831853071802168 8.3606496259785903  6.2831853071801911 8.883190227602249  6.2831853071801653 9.4057308292259094  6.2831853071801529 9.9282714308495716  6.2831853071801032 10.450812032473241  6.2831853071802026 10.973352634096894  6.2831853071799024 11.321713035179336  6.2831853071795862 11.495893235720558 
 -5.7479466178584122 4 -5.22540601623475 1 -4.7028654146110886 1 -4.1803248129874273 1 -3.6577842113637651 1 -3.1352436097401033 1 -2.6127030081164415 1 -2.0901624064927797 1 -1.567621804869118 1 -1.0450812032454557 1 -0.52254060162179439 1 1.8669510382096632e-012 1 0.52254060162552918 1 1.0450812032491914 1 1.5676218048728527 1 2.0901624064965141 1 2.6127030081201763 1 3.1352436097438385 1 3.6577842113675008 1 4.1803248129911612 1 4.7028654146148234 1 5.2254060162384857 1 5.7479466178621479 4
1 3.1415926535971206 -4.7370422645861451e-011 1 1.5078785217191557e-011 
1 -0.5 11.495893235721145 1 0 
1 -0.50000000000000044 5.0614548310595531 1 0 
1 3.1415926535892167 8.1268325402561459e-013 7.6333312372246938e-015 1 
1 3.1415926535892167 8.1268325402561459e-013 7.6333312372246938e-015 1 
1 -0.50000000000047917 6.2831853071795862 1 0 
1 -0.50000000000047917 82.460062260499996 1 0 
1 0 8.1268325402561459e-013 0 1 
1 6.2831853071795862 8.1268325402561459e-013 0 1 
1 -0.50000000000000089 6.2831853071795862 1 0 
1 -0.50000000000000089 82.460062260499996 1 0 
1 0 86.355031130499995 0 1 
1 6.2831853071795862 86.355031130499995 0 1 
1 3.1415926535902718 86.355031130499995 0 1 
1 3.1415926535902718 86.355031130499995 0 1 
1 -0.50000000000047917 85.249999999500005 1 0 
1 -0.50000000000047917 1.0352761804020278 1 0 
1 -0.50000000000000089 85.249999999500005 1 0 
1 -0.50000000000000089 1.0352761804020278 1 0 
1 0 0.51763809019767271 0 1 
1 6.2831853071795862 0.51763809019767271 0 1 
1 -0.50000000000047196 0 1 0 
1 3.1415926535900476 0.51763809019767271 -2.6595348692170473e-014 1 
1 3.1415926535900476 0.51763809019767271 -2.6595348692170473e-014 1 
1 -0.50000000000000089 0 1 0 
1 3.14159265358954 0.57735026919120302 1.1153183581165545e-014 1 
1 3.14159265358954 0.57735026919120302 1.1153183581165545e-014 1 
1 -0.50000000000188027 1.1547005383844386 1 0 
1 0 0.57735026919120302 0 1 
1 6.2831853071795862 0.57735026919120302 0 1 
1 -0.50000000000047917 0 1 0 
1 -0.50000000000047917 1 1 0 
1 -0.50000000000000089 1.1547005383844386 1 0 
1 -0.50000000000000089 0 1 0 
1 -0.50000000000000089 1 1 0 
1 -0.50000000000047917 2 1 0 
1 -0.50000000000000089 2 1 0 
1 3.1415926535902718 -1 0 1 
1 3.1415926535902718 -1 0 1 
1 0 -1 0 1 
1 6.2831853071795862 -1 0 1 
1 1.4210854715202004e-014 1.4999999999840141 1 8.7979536714792695e-013 
